2.244698784491171994e-01 2.465619732055718272e-01
3.340475680308549467e-01 2.822655524605385269e-01
2.128975265017667706e-01 1.113074204946996465e-01
1.106115107913669127e-01 1.816546762589928143e-01
3.028325907065563261e-01 2.603437301082113242e-01
3.554216867469879304e-01 1.337349397590361366e-01
4.583333333333333148e-01 0.000000000000000000e+00
1.551297898640296713e-01 1.810877626699629039e-01
2.208610430521525947e-01 2.796639831991599712e-01
2.746858168761220909e-01 1.436265709156193948e-01
1.690777576853526309e-01 1.952983725135623849e-01
0.000000000000000000e+00 0.000000000000000000e+00
2.107079119571683423e-01 2.691255205234979186e-01
2.415016359566040938e-01 2.501119338729120289e-01
3.140138408304498085e-01 2.430795847750865102e-01
1.957858918989661134e-01 2.466954587095929741e-01
2.675544199302245518e-01 2.232322735983489626e-01
1.762452107279693370e-01 2.059386973180076519e-01
2.114520072560927555e-01 2.330625443646975326e-01
1.904761904761904656e-01 2.475143903715332216e-01
4.863813229571984365e-01 4.669260700389105123e-02
2.280817402768622326e-01 2.612612612612612573e-01
